-20.521214825437077
-17.56669214436781
-9.758232119160253
-5.544438497217347
-7.98076858173976
-5.753752166771737
-2.4897199874349694
-3.6468766931155914
-1.1950284366869257
-2.1039446920385925
-3.818652834245392
-3.0244326966449337
-3.6630658991450393
-3.9435267366774895
-2.736310764488902
-1.530525700760302
-1.27027639165246
-0.7707433032201768
0.9289066403550681
2.3831255257335324
2.608795753335803
2.6350846049613144
3.006288589452915
3.2109037610015094
3.8952455109948425
4.723012952378445
5.252816467479297
6.024590715940723
6.526285428851143
6.253568607844338
6.1096069515622675
5.800841789789025
5.412322289065189
5.378825377635926
4.74001594842302
4.153270712128772
4.605668080733113
4.508332976530443
4.592945027938867
4.567748758669243
