0.0993995254404389
0.08096833857238205
0.07961716496454653
0.07812973813474616
0.07663811191680515
0.08341491843046933
0.08650643561048013
0.08726009007494291
0.0919778551604032
0.09539045181929229
0.10153888291409094
0.10736073105223799
0.11076221799284383
0.11212425026289996
0.11419464721544262
0.11507383308198278
0.11721106250804175
0.12072966987592544
0.12390178942605118
0.12494315466097701
0.12548390701988815
0.1265366034692405
0.12890026702015314
0.13136619562849047
0.12892943247849595
0.12503763571426382
0.12302130252684404
0.12638530299771258
0.1270381882202986
0.12175159972467989
0.11301495659534035
0.10037467807944211
0.09297056282340083
0.08978473774699942
0.08740658764147063
0.08682197948189393
0.08770337540108415
0.0895275904704357
0.08930319014324868
0.08601507385034682
